%YAML:1.0
---
image_width: 4032
image_height: 3024
camera_matrix: !!opencv-matrix
   rows: 3
   cols: 3
   dt: d
   data: [ 3.0925046792463841e+03, 0., 1.9972922556769672e+03, 0.,
       3.0925013618894727e+03, 1.5411174855895606e+03, 0., 0., 1. ]
distortion_coefficients: !!opencv-matrix
   rows: 1
   cols: 5
   dt: d
   data: [ 2.3147900141372513e-01, -1.1527691024048614e+00,
       4.7270564191830629e-04, -1.7598779025499404e-03,
       1.8425846413538649e+00 ]
